Age,Daily_Screen_Time,Sleep_Quality
23,7,6
18,3,7
17,7,7
17,5,7
18,6,6
22,6,5
24,4,6
19,7,5
24,7,6
17,6,6
22,5,4
23,1,9
19,2,9
17,2,9
21,4,6
19,7,5
25,2,9
23,5,6
16,4,8
22,5,9
24,5,6
16,7,5
23,7,6
23,4,7
20,7,6
22,6,6
24,5,6
23,7,6
16,4,10
18,6,6
16,7,7
20,4,7
24,6,4
19,7,5
22,8,5
17,5,7
21,4,9
16,6,7
18,3,7
21,8,5
23,6,5
24,5,8
17,5,8
18,5,6
17,2,10
17,7,7
16,5,7
17,7,5
21,5,5
19,5,7
20,8,5
21,3,9
24,7,6
21,5,6
18,6,5
18,6,6
22,7,5
16,7,6
22,6,6
17,5,7
16,4,7
20,3,9
24,4,8
18,6,5
23,4,9
17,10,4
19,9,6
23,5,7
22,4,6
18,6,8
23,4,8
20,5,4
19,6,5
21,4,6
18,5,8
18,7,4
17,9,4
17,9,4
24,6,8
22,4,7
16,5,7
23,2,9
17,6,6
21,5,7
23,5,5
20,8,4
19,7,6
21,3,8
24,6,5
16,5,6
16,4,7
16,6,9
20,6,6
18,2,9
20,7,4
20,6,7
25,6,5
20,4,6
25,8,5
16,7,5
20,5,6
19,6,6
17,2,9
18,3,9
16,2,8
25,8,5
17,6,6
23,2,9
25,8,4
22,3,8
19,3,8
25,7,7
24,6,7
24,9,5
22,6,5
20,6,8
20,3,7
24,4,8
25,7,7
22,9,2
24,6,7
17,10,4
20,3,8
23,5,7
16,6,6
22,3,6
19,8,5
21,2,9
25,4,6
18,7,5
23,6,5
16,4,8
18,4,7
21,4,5
16,6,6
18,4,7
25,8,5
23,3,10
23,7,5
23,4,9
