Daily_Screen_Time,Frequency_of_Purposless_Use,Frequency_of_Distraction,Interest_Flactuation,Purposeless_Level
2.5,5,3,4,High
5.5,4,3,4,High
3.5,3,2,2,Low
5.5,4,2,3,High
2.5,3,5,4,Low
2.5,4,4,2,High
3.5,4,3,5,High
5.5,5,2,5,High
5.5,5,2,5,High
0.5,1,1,1,Low
2.5,5,5,4,High
3.5,4,4,4,High
3.5,3,4,1,Low
3.5,5,3,3,High
5.5,5,5,5,High
1.5,3,4,4,Low
0.5,2,2,1,Low
4.5,5,5,2,High
1.5,3,4,3,Low
2.5,4,2,3,High
5.5,3,2,3,Low
3.5,3,4,4,Low
1.5,3,2,4,Low
3.5,3,3,5,Low
3.5,4,4,3,High
4.5,3,4,4,Low
3.5,4,4,4,High
3.5,4,4,4,High
2.5,4,3,3,High
3.5,5,5,4,High
5.5,3,4,2,Low
3.5,5,3,3,High
0.5,2,3,4,Low
3.5,4,5,2,High
2.5,4,4,3,High
1.5,1,1,3,Low
3.5,3,5,2,Low
5.5,3,2,4,Low
5.5,4,5,2,High
3.5,4,3,5,High
3.5,4,4,4,High
0.5,3,5,5,Low
5.5,2,5,2,Low
5.5,3,2,4,Low
2.5,3,2,4,Low
2.5,4,5,4,High
1.5,1,1,3,Low
5.5,4,3,3,High
1.5,2,2,5,Low
5.5,4,4,4,High
2.5,2,3,5,Low
1.5,3,2,4,Low
3.5,5,5,4,High
2.5,2,1,2,Low
1.5,4,2,4,High
3.5,4,4,4,High
2.5,5,5,5,High
5.5,4,4,4,High
2.5,4,5,4,High
3.5,4,3,4,High
3.5,4,3,5,High
3.5,2,5,3,Low
2.5,4,4,4,High
5.5,4,4,5,High
5.5,5,5,5,High
4.5,3,5,5,Low
2.5,4,4,4,High
1.5,3,4,4,Low
2.5,5,4,2,High
2.5,4,5,5,High
2.5,3,5,4,Low
3.5,4,5,5,High
5.5,4,3,2,High
4.5,4,4,3,High
5.5,5,5,1,High
4.5,5,5,3,High
5.5,4,2,3,High
5.5,4,4,5,High
4.5,4,5,1,High
2.5,3,4,2,Low
1.5,5,4,3,High
3.5,3,4,3,Low
1.5,4,3,5,High
4.5,2,3,3,Low
4.5,2,3,4,Low
2.5,3,2,4,Low
3.5,3,2,2,Low
2.5,5,5,3,High
5.5,5,4,3,High
5.5,5,5,4,High
4.5,4,5,4,High
3.5,4,3,3,High
4.5,4,5,4,High
5.5,4,5,2,High
5.5,5,5,4,High
5.5,4,4,5,High
2.5,1,1,4,Low
5.5,3,2,2,Low
3.5,5,2,5,High
2.5,3,1,3,Low
4.5,4,3,5,High
5.5,4,4,3,High
3.5,3,2,2,Low
3.5,2,2,5,Low
4.5,5,4,5,High
2.5,2,4,1,Low
0.5,2,3,2,Low
5.5,5,5,3,High
3.5,4,5,4,High
1.5,5,5,5,High
1.5,4,4,3,High
4.5,4,3,4,High
3.5,5,3,3,High
4.5,3,5,5,Low
2.5,3,2,2,Low
5.5,5,5,4,High
5.5,5,3,3,High
2.5,5,5,5,High
2.5,3,2,2,Low
2.5,3,4,3,Low
4.5,3,3,4,Low
5.5,5,3,3,High
3.5,4,5,5,High
0.5,2,2,1,Low
1.5,3,3,3,Low
3.5,4,2,2,High
5.5,5,5,3,High
3.5,4,5,5,High
2.5,3,2,1,Low
3.5,5,5,5,High
3.5,2,1,3,Low
5.5,5,1,1,High
0.5,1,1,1,Low
5.5,3,3,5,Low
4.5,4,2,2,High
1.5,3,3,4,Low
5.5,4,4,4,High
2.5,4,4,4,High
1.5,4,3,4,High
3.5,3,3,3,Low
5.5,3,1,4,Low
5.5,2,5,4,Low
3.5,5,4,4,High
2.5,5,5,2,High
5.5,4,5,4,High
5.5,2,3,1,Low
0.5,3,1,3,Low
1.5,5,5,2,High
3.5,2,1,1,Low
5.5,4,4,4,High
2.5,5,5,3,High
4.5,4,2,4,High
3.5,3,4,3,Low
0.5,3,2,2,Low
3.5,5,3,5,High
1.5,3,5,2,Low
5.5,4,3,2,High
2.5,4,2,2,High
5.5,5,5,5,High
4.5,4,5,1,High
2.5,5,4,3,High
0.5,4,2,4,High
5.5,4,5,4,High
2.5,2,5,5,Low
4.5,4,1,2,High
5.5,3,3,3,Low
2.5,2,3,1,Low
2.5,3,3,5,Low
1.5,2,2,2,Low
5.5,4,4,4,High
5.5,5,2,3,High
3.5,3,3,3,Low
2.5,3,3,2,Low
5.5,4,5,4,High
5.5,3,2,3,Low
5.5,3,2,1,Low
5.5,4,5,5,High
3.5,5,4,3,High
1.5,2,2,1,Low
2.5,4,4,4,High
3.5,5,4,5,High
4.5,5,5,5,High
2.5,4,4,2,High
2.5,3,4,3,Low
5.5,4,3,4,High
3.5,2,4,3,Low
5.5,1,1,1,Low
5.5,4,5,4,High
4.5,4,4,4,High
3.5,4,4,4,High
3.5,4,3,3,High
5.5,3,4,4,Low
4.5,3,3,2,Low
2.5,3,4,4,Low
3.5,3,2,2,Low
4.5,4,5,5,High
2.5,4,4,5,High
1.5,3,3,1,Low
4.5,2,1,2,Low
2.5,4,2,3,High
1.5,3,4,3,Low
2.5,2,3,3,Low
2.5,3,4,1,Low
2.5,4,5,5,High
3.5,2,4,3,Low
4.5,5,5,4,High
3.5,5,3,4,High
5.5,3,2,3,Low
3.5,3,3,3,Low
3.5,4,3,4,High
5.5,5,3,4,High
5.5,2,5,4,Low
1.5,2,3,5,Low
5.5,5,1,5,High
5.5,4,3,3,High
3.5,2,1,1,Low
5.5,4,5,5,High
5.5,5,5,5,High
5.5,5,5,5,High
5.5,3,4,4,Low
5.5,3,3,2,Low
5.5,5,4,3,High
0.5,3,2,2,Low
5.5,5,4,1,High
5.5,4,2,5,High
3.5,5,5,3,High
2.5,4,5,5,High
2.5,4,4,3,High
2.5,5,4,4,High
3.5,4,2,3,High
5.5,5,5,2,High
4.5,3,3,3,Low
5.5,4,2,4,High
3.5,4,4,2,High
3.5,5,5,5,High
2.5,4,3,1,High
4.5,3,4,4,Low
1.5,4,4,4,High
5.5,3,5,5,Low
2.5,5,4,4,High
4.5,5,5,2,High
4.5,4,5,2,High
5.5,5,5,4,High
3.5,4,3,3,High
4.5,4,4,4,High
4.5,3,3,2,Low
2.5,4,5,4,High
1.5,3,2,2,Low
5.5,5,5,4,High
4.5,3,3,3,Low
4.5,4,5,3,High
4.5,4,2,2,High
2.5,3,2,2,Low
4.5,5,4,2,High
2.5,4,5,4,High
5.5,5,5,5,High
1.5,5,5,5,High
0.5,3,2,4,Low
3.5,4,4,3,High
2.5,4,4,2,High
4.5,3,2,5,Low
4.5,3,2,2,Low
3.5,3,4,2,Low
5.5,4,3,3,High
5.5,5,5,5,High
3.5,4,3,5,High
5.5,4,2,5,High
3.5,4,5,4,High
2.5,5,4,2,High
4.5,5,5,3,High
4.5,4,4,4,High
2.5,3,4,4,Low
4.5,5,5,4,High
5.5,4,4,3,High
5.5,3,3,3,Low
5.5,5,4,5,High
5.5,4,5,4,High
5.5,5,4,2,High
5.5,5,4,4,High
5.5,4,4,5,High
2.5,2,1,4,Low
4.5,3,4,5,Low
3.5,4,2,4,High
5.5,5,4,4,High
3.5,4,5,4,High
5.5,3,5,3,Low
4.5,4,5,5,High
5.5,5,2,2,High
3.5,4,4,3,High
5.5,3,4,3,Low
3.5,5,3,4,High
5.5,2,4,4,Low
4.5,4,4,3,High
3.5,4,5,3,High
3.5,2,1,2,Low
3.5,5,3,5,High
3.5,3,4,3,Low
1.5,4,5,2,High
5.5,4,4,3,High
0.5,2,2,2,Low
5.5,4,5,4,High
1.5,4,3,4,High
2.5,4,1,4,High
3.5,4,3,3,High
3.5,4,5,4,High
5.5,4,3,5,High
5.5,5,5,3,High
5.5,3,5,5,Low
4.5,4,3,5,High
4.5,3,1,3,Low
2.5,3,2,3,Low
5.5,1,5,3,Low
5.5,5,4,2,High
4.5,4,3,3,High
3.5,4,4,3,High
3.5,3,4,3,Low
2.5,4,2,2,High
5.5,4,5,4,High
4.5,5,3,4,High
1.5,2,1,2,Low
3.5,3,5,4,Low
5.5,5,3,5,High
3.5,4,4,4,High
2.5,3,5,4,Low
3.5,2,2,2,Low
4.5,4,3,1,High
2.5,3,3,2,Low
4.5,3,5,2,Low
1.5,1,1,1,Low
3.5,2,2,5,Low
4.5,3,4,3,Low
2.5,3,4,3,Low
5.5,4,4,3,High
4.5,2,4,2,Low
1.5,3,3,2,Low
5.5,2,3,2,Low
4.5,1,1,1,Low
1.5,2,2,4,Low
5.5,5,4,3,High
2.5,4,4,3,High
2.5,2,3,5,Low
